"06_3851"	"06_6554"	"06_7656"	"07_0971"	"07_6215"	"08_0100"	"08_1700"	"08_1711"	"08_1714"	"CE_M_09_1073"	"CE_M_09_3054"	"CE_M_10_4053"	"CE_M_10_4054"	"CE_R_10_0273"	"CE_R_10_0305"	"CE_R_10_0306"	"CE_R_11_0270"	"CE_R2_11_0134"	"CE_R2_11_0350"	"CE_R2_11_0374"	"CGY_HR_076"	"CGY_HR_080"	"CHR_026"	"CHR_028"	"CHR_090"	"CHR_130"	"CI_0136"	"CI_0165"	"CI_0168"	"CI_0182"	"CI_0346"	"CI_0392"	"CI_0405"	"CI_0450"	"CI_0532"	"CI_0637"	"CI_0677"	"CI_0697"	"CI_0765"	"CI_1096"	"CI_1109"	"CI_1653"	"CI_1660"	"CI_1920"	"CI_1943"	"CI_1964"	"CI_1969"	"CI_2009"	"CI_2423"	"CI_2533"	"CI_2536"	"CI_2548"	"CI_2705"	"CI_2989"	"CI_3074"	"CI_4353"	"CI_4835"	"CI_5997"
"06_3851"	1	0.701190476190476	0.811509775316402	0.794372724871971	0.77037347308686	0.57683656152163	0.575395199218719	0.571631205974444	0.569881952725334	0.458784065890979	0.440224633526817	0.44875936779187	0.44875936779187	0.527121922610207	0.526759168462548	0.526759168462548	0.516413136566509	0.520766224494277	0.497428771137734	0.497006189104889	0.586466094678312	0.586560244918424	0.564791469977542	0.564998471059855	0.589729150186371	0.589529049173411	0.261704903821221	0.261704903821221	0.261704903821221	0.26200110681491	0.268957124904722	0.278540070574763	0.295023073049134	0.245512811197662	0.246231691057345	0.281983563817041	0.288655862422517	0.248238525057995	0.250671717924746	0.293407975734642	0.295336213488823	0.314862821493161	0.339208448163233	0.390956613381223	0.460515460142503	0.457956981223315	0.457956981223315	0.49311289551686	0.362420962945796	0.312101375845493	0.312101375845493	0.30626155694119	0.298622758076542	0.256994935485474	0.252766233720607	0.231675221257126	0.213438091543059	0.208169714867641
"06_6554"	0.701190476190476	1	0.512454225372865	0.495407197299239	0.471481580745908	0.54459587159584	0.54315819183575	0.539403175466981	0.537657797932041	0.669464165861673	0.738998408071134	0.659447480605899	0.659447480605899	0.494953037820801	0.494590534024967	0.494590534024967	0.484250712877708	0.488601394378027	0.465265682745534	0.464843327242285	0.2877507211089	0.287845108205211	0.266033589467289	0.266240876464152	0.291020078514487	0.290819442469534	0.560563632688285	0.560563632688285	0.560563632688285	0.560860225940309	0.527343042480715	0.434545556774504	0.355791459495211	0.496758099451935	0.361763754739685	0.43799415866938	0.499429001248471	0.363773661109541	0.501925092455177	0.592324849691783	0.594259950022759	0.430669576671577	0.455040270221484	0.644735622836808	0.525648830021443	0.674454823324979	0.674454823324979	0.744303371707336	0.477534649626152	0.427276208468599	0.427276208468599	0.421436389564296	0.41385292241872	0.372389828311229	0.368169783610706	0.530464192422478	0.424132810711402	0.418866996796911
"06_7656"	0.811509775316402	0.512454225372865	1	0.832015467198456	0.785627310238842	0.59580674086066	0.593446286419489	0.58753222954925	0.584891622922561	0.464379984987539	0.44609771238806	0.452966323760009	0.452966323760009	0.531304171181679	0.530898871010434	0.530898871010434	0.519512597874811	0.524265303755742	0.500638187566243	0.500178096620549	0.574356007868504	0.574424162021661	0.557668200201527	0.557839324105917	0.576933518065974	0.576791131363786	0.254889002960867	0.254889002960867	0.254889002960867	0.255135838397202	0.261715913642439	0.271233714961378	0.287592562192168	0.237993837150899	0.238581140007481	0.274044411289257	0.280638284235924	0.240209616059939	0.242161621976894	0.279876165607795	0.281086196725809	0.28307317932002	0.305834661410615	0.300538298119426	0.352304348443904	0.340785832681065	0.340785832681065	0.304376644699249	0.390294043394043	0.367932317158808	0.367932317158808	0.362092498254505	0.48711298276014	0.272004605682701	0.265858545499487	0.234937919257861	0.216537552851362	0.210848253524042
"07_0971"	0.794372724871971	0.495407197299239	0.832015467198456	1	0.79849983206895	0.613799771800723	0.61005725130251	0.601213220194691	0.597467137949312	0.468047340449616	0.449971794321834	0.455636535875588	0.455636535875588	0.533957210958942	0.533522384971138	0.533522384971138	0.521431469776973	0.526451003682883	0.502630005597977	0.502144990612926	0.568796853027184	0.568855613964796	0.554088391643867	0.554243910419892	0.571129587607502	0.571007574976407	0.25144376983494	0.25144376983494	0.25144376983494	0.251668883616259	0.258084885658142	0.267574495000437	0.283879806304321	0.23424309010974	0.234774122450905	0.27011495073536	0.276675781506933	0.236242347560721	0.237993837150899	0.273816030104045	0.274782535859546	0.272350269030753	0.294823659405456	0.284657704085553	0.33594430856425	0.324259374076096	0.324259374076096	0.287329616625623	0.351718638002703	0.314603559588031	0.314603559588031	0.308763740683727	0.319128449958595	0.284580120709452	0.276242000141218	0.236965213403187	0.218456424753523	0.212491132339952
"07_6215"	0.77037347308686	0.471481580745908	0.785627310238842	0.79849983206895	1	0.639544401120774	0.648309361912718	0.698397068015018	0.732775243453268	0.478884646111609	0.461562102677545	0.463092160086662	0.463092160086662	0.541357934413679	0.54082895897068	0.54082895897068	0.526579098211529	0.532396887129563	0.507993620777464	0.507434620815789	0.55791538300635	0.557959341829184	0.546555930685025	0.546683113352562	0.559865482050878	0.559775075137263	0.244157058933599	0.244157058933599	0.244157058933599	0.244342337586648	0.250459543500346	0.259898181449966	0.276106994441895	0.226402032798418	0.226832337526586	0.261955433045256	0.268457843935697	0.228015995659612	0.229416115249385	0.262158182457988	0.26275667159303	0.254544440621451	0.276691469163486	0.261716084175066	0.312591388016507	0.300765949232324	0.300765949232324	0.263404000072292	0.316313964889197	0.275263986877218	0.275263986877218	0.269424167972914	0.272740292998982	0.419888226213408	0.332877718786658	0.242434473912863	0.223604053188079	0.216836339364411
"08_0100"	0.57683656152163	0.54459587159584	0.59580674086066	0.613799771800723	0.639544401120774	1	0.850778020395971	0.848309361912718	0.788922243079203	0.589182306937772	0.523936224425968	0.527093646166372	0.527093646166372	0.691094586022335	0.690601373366777	0.738220420985825	0.677156394051453	0.682679966022203	0.65849169915337	0.657959867183282	0.361219910331845	0.361267919104865	0.348913911817846	0.349049359080461	0.363274328607642	0.363175334220406	0.313109844901862	0.313109844901862	0.313109844901862	0.31330679470318	0.31951126481031	0.309917120954338	0.328534936864839	0.295516448883969	0.236452131738185	0.312114319761648	0.337681182803863	0.237717947971916	0.298742711684145	0.332340236980877	0.333037570782243	0.26676323842437	0.288987856251095	0.33462141125159	0.368917918438935	0.373788990298331	0.373788990298331	0.336518290922223	0.332042694889714	0.291609854749716	0.291609854749716	0.285770035845413	0.290062580763657	0.330797130601247	0.310775559642574	0.307179413812523	0.300371825218479	0.293895891718033
"08_1700"	0.575395199218719	0.54315819183575	0.593446286419489	0.61005725130251	0.648309361912718	0.850778020395971	1	0.812147882900109	0.844554345543949	0.542359867821189	0.524790904914636	0.575252542681906	0.575252542681906	0.739249371220878	0.738749112462936	0.691130064843888	0.725144119884352	0.73072650232596	0.706495295929728	0.705958023965898	0.3605070544799	0.360554159132662	0.348410295518087	0.34854393359703	0.362538160104633	0.362441086697321	0.312621946596048	0.312621946596048	0.312621946596048	0.312816345222646	0.319001720749585	0.30940432685341	0.328015995659612	0.342612212553355	0.264493873615517	0.311570821348987	0.384753032814032	0.265741646363141	0.345791841747418	0.331580207257752	0.332255356536447	0.294219059008633	0.316425698565334	0.380852426929088	0.367509035096712	0.419992064175248	0.419992064175248	0.38269965878118	0.358656173963819	0.318068970333405	0.318068970333405	0.312229151429102	0.316273554893915	0.367381614018374	0.343836662899943	0.307571737195543	0.300740503432331	0.294205881234113
"08_1711"	0.571631205974444	0.539403175466981	0.58753222954925	0.601213220194691	0.698397068015018	0.848309361912718	0.812147882900109	1	0.838153968685871	0.592303835715296	0.527293088657173	0.529187752547043	0.529187752547043	0.693172411247565	0.692651307717941	0.740270355336989	0.678577071584946	0.684331003927362	0.659974439422796	0.659421325950956	0.358580235329738	0.358624980535991	0.34703510515474	0.347163925370549	0.360550568358569	0.360458497512374	0.311288649157831	0.311288649157831	0.311288649157831	0.311476243803634	0.317610747908623	0.30800470475721	0.326600021917482	0.293565645153927	0.234477911225775	0.310089621722561	0.33564297372585	0.235677794007696	0.29662159707875	0.329530553647704	0.330148129330876	0.262689641909471	0.284851159571382	0.329599685119731	0.363824319909764	0.368670974218111	0.368670974218111	0.331325594793364	0.325090702156568	0.284146824324048	0.284146824324048	0.278307005419745	0.281788069452247	0.380028856207916	0.331771701005161	0.308692582811025	0.301792502751972	0.295087730302995
"08_1714"	0.569881952725334	0.537657797932041	0.584891622922561	0.597467137949312	0.732775243453268	0.788922243079203	0.844554345543949	0.838153968685871	1	0.545903605047353	0.528609674656427	0.577608760337911	0.577608760337911	0.741586941336243	0.741054750129546	0.693435702510499	0.726733391167824	0.732577122148689	0.708154876832274	0.707593487041843	0.357652706197131	0.357696358152021	0.346365961413369	0.34649250065978	0.359594912241272	0.359505154181725	0.310639357411101	0.310639357411101	0.310639357411101	0.310823725600266	0.316934133718513	0.307323998508012	0.325911583317884	0.340490797282814	0.262347407634793	0.309370388496508	0.382538162538754	0.263524698114337	0.343488451608332	0.328546242515236	0.329137297349465	0.28986516834604	0.31200661440068	0.375525865850614	0.362109340473304	0.414567542594658	0.414567542594658	0.377199264877472	0.351394114082416	0.310304263130174	0.310304263130174	0.304464444225871	0.307718891396986	0.522827268474425	0.372476731806155	0.309265817585656	0.302329774715802	0.295536551303689
"CE_M_09_1073"	0.458784065890979	0.669464165861673	0.464379984987539	0.468047340449616	0.478884646111609	0.589182306937772	0.542359867821189	0.592303835715296	0.545903605047353	1	0.786899843238839	0.734129625542824	0.734129625542824	0.568961074030913	0.567464397201103	0.615083444820151	0.536369848265924	0.547469627111983	0.519131050752723	0.518104412275029	0.258310175031062	0.25833526286282	0.251707925124542	0.251790293655969	0.259777834151146	0.259726857443581	0.45922522206778	0.45922522206778	0.45922522206778	0.45934644624754	0.464988779181442	0.391014046078548	0.340405428116156	0.440594440359715	0.317059626345722	0.392326175716202	0.482073469039456	0.317809385686019	0.442494535025226	0.471109304738077	0.471264541237065	0.333348510101783	0.355212965379076	0.460357876720269	0.360954120985223	0.499034520919361	0.499034520919361	0.461386585188057	0.384508276534668	0.341951553632158	0.341951553632158	0.336111734727854	0.337207253461964	0.352064206855112	0.355457704629663	0.497108710088165	0.435775755623427	0.424448452559909
"CE_M_09_3054"	0.440224633526817	0.738998408071134	0.44609771238806	0.449971794321834	0.461562102677545	0.523936224425968	0.524790904914636	0.527293088657173	0.528609674656427	0.786899843238839	1	0.708881585881554	0.708881585881554	0.543822259631635	0.542505673632381	0.542505673632381	0.513997404104082	0.524389629955905	0.496586333174497	0.495620129110454	0.239295629013416	0.239321548773339	0.232470391875048	0.232554989094646	0.240784431391339	0.240731736367233	0.528063305793407	0.528063305793407	0.528063305793407	0.528187746540972	0.493377573273751	0.400359185025188	0.321186583361217	0.461857004733638	0.326425061922241	0.401707833853052	0.462887988046363	0.327195948909069	0.463811090649725	0.540232136727621	0.540406335157653	0.343199240500883	0.365073994777225	0.482251483938972	0.342380721020111	0.480464204737673	0.480464204737673	0.48330177977847	0.394698591801396	0.352182978569138	0.352182978569138	0.346343159664835	0.347496409433915	0.363341705035614	0.367026263447534	0.562570219081966	0.453879501937775	0.44309680880438
"CE_M_10_4053"	0.44875936779187	0.659447480605899	0.452966323760009	0.455636535875588	0.463092160086662	0.527093646166372	0.575252542681906	0.529187752547043	0.577608760337911	0.734129625542824	0.708881585881554	1	1	0.757696028357	0.719741924484265	0.672122876865217	0.603769563254244	0.625116168668962	0.588763549565412	0.58693724263974	0.250708353565672	0.25072883887931	0.245364375490664	0.245433919256629	0.252059247144584	0.252017743986595	0.452994802804766	0.452994802804766	0.452994802804766	0.453097453623918	0.458603358136486	0.384605848562344	0.333954496413077	0.481732634804755	0.339106487260731	0.385708900393805	0.523050773238544	0.33973556057738	0.483324801803891	0.463275185136709	0.463326445107779	0.352732656095691	0.374542960008479	0.498071081060868	0.351001077580482	0.536684691054093	0.536684691054093	0.49898894755133	0.402154327706354	0.359393589704688	0.359393589704688	0.353553770800385	0.354365020805863	0.364721743098051	0.36690715359478	0.520334349909071	0.4555564229927	0.437990316746625
"CE_M_10_4054"	0.44875936779187	0.659447480605899	0.452966323760009	0.455636535875588	0.463092160086662	0.527093646166372	0.575252542681906	0.529187752547043	0.577608760337911	0.734129625542824	0.708881585881554	1	1	0.757696028357	0.719741924484265	0.672122876865217	0.603769563254244	0.625116168668962	0.588763549565412	0.58693724263974	0.250708353565672	0.25072883887931	0.245364375490664	0.245433919256629	0.252059247144584	0.252017743986595	0.452994802804766	0.452994802804766	0.452994802804766	0.453097453623918	0.458603358136486	0.384605848562344	0.333954496413077	0.481732634804755	0.339106487260731	0.385708900393805	0.523050773238544	0.33973556057738	0.483324801803891	0.463275185136709	0.463326445107779	0.352732656095691	0.374542960008479	0.498071081060868	0.351001077580482	0.536684691054093	0.536684691054093	0.49898894755133	0.402154327706354	0.359393589704688	0.359393589704688	0.353553770800385	0.354365020805863	0.364721743098051	0.36690715359478	0.520334349909071	0.4555564229927	0.437990316746625
"CE_R_10_0273"	0.527121922610207	0.494953037820801	0.531304171181679	0.533957210958942	0.541357934413679	0.691094586022335	0.739249371220878	0.693172411247565	0.741586941336243	0.568961074030913	0.543822259631635	0.757696028357	0.757696028357	1	0.900985601280127	0.85336655366108	0.768680606198695	0.790513633953815	0.753769072039074	0.751908251794605	0.329116301046218	0.329136697269061	0.323797102052014	0.323866388961818	0.330464937838563	0.330423617513906	0.288572656183273	0.288572656183273	0.288572656183273	0.28867493389585	0.294178103565344	0.284465852687243	0.302861265549631	0.317305473222398	0.23896416807255	0.285564735563225	0.35862040778186	0.239590839661217	0.31889152055903	0.298821507051745	0.298870769711503	0.252539134836233	0.274348435393872	0.333578650819742	0.319841122925769	0.372191115566375	0.372191115566375	0.334494504766232	0.301929326426349	0.259164989753027	0.259164989753027	0.253325170848724	0.254131439656105	0.264414209810668	0.26658125490293	0.356822247587562	0.344276989746674	0.326475871506357
"CE_R_10_0305"	0.526759168462548	0.494590534024967	0.530898871010434	0.533522384971138	0.54082895897068	0.690601373366777	0.738749112462936	0.692651307717941	0.741054750129546	0.567464397201103	0.542505673632381	0.719741924484265	0.719741924484265	0.900985601280127	1	0.952380952380953	0.769800655074898	0.792542173972425	0.755062953740511	0.753138488271288	0.328831912075534	0.328852154240037	0.323555600568095	0.323624442515842	0.330176646675916	0.330135642463095	0.288335086907404	0.288335086907404	0.288335086907404	0.288436718168634	0.293935149934725	0.284222109874554	0.302616043428326	0.317059216401184	0.238716401174981	0.285313772413481	0.358368602467583	0.239338913576098	0.318634666786203	0.298529367692569	0.298575177910212	0.252202856071621	0.274010425441091	0.333219616012953	0.319480609572706	0.371830106654668	0.371830106654668	0.334132000970397	0.301538792109229	0.258768261045952	0.258768261045952	0.252928442141649	0.253726139484859	0.263882018603971	0.266017656414543	0.358215680715619	0.345397038622877	0.327168851515026
"CE_R_10_0306"	0.526759168462548	0.494590534024967	0.530898871010434	0.533522384971138	0.54082895897068	0.738220420985825	0.691130064843888	0.740270355336989	0.693435702510499	0.615083444820151	0.542505673632381	0.672122876865217	0.672122876865217	0.85336655366108	0.952380952380953	1	0.722181607455851	0.744923126353378	0.707443906121464	0.705519440652241	0.328831912075534	0.328852154240037	0.323555600568095	0.323624442515842	0.330176646675916	0.330135642463095	0.288335086907404	0.288335086907404	0.288335086907404	0.288436718168634	0.293935149934725	0.284222109874554	0.302616043428326	0.269440168782136	0.210144972603553	0.285313772413481	0.310749554848536	0.21076748500467	0.271015619167155	0.298529367692569	0.298575177910212	0.223631427500193	0.245438996869663	0.285600568393906	0.319480609572706	0.324211059035621	0.324211059035621	0.28651295335135	0.2729673635378	0.230196832474524	0.230196832474524	0.224357013570221	0.225154710913431	0.235310590032543	0.237446227843114	0.358215680715619	0.345397038622877	0.327168851515026
"CE_R_11_0270"	0.516413136566509	0.484250712877708	0.519512597874811	0.521431469776973	0.526579098211529	0.677156394051453	0.725144119884352	0.678577071584946	0.726733391167824	0.536369848265924	0.513997404104082	0.603769563254244	0.603769563254244	0.768680606198695	0.769800655074898	0.722181607455851	1	0.799382669295146	0.824316250305853	0.839528835281061	0.320484114331306	0.320500317678997	0.316350066418104	0.316406870139774	0.321726687295445	0.321693948330893	0.281236111133572	0.281236111133572	0.281236111133572	0.281320202728721	0.286690343466417	0.276955978379759	0.295309972359073	0.309725235846573	0.231341727168273	0.277853116673785	0.350885325807968	0.231852394116573	0.311016082042265	0.289978942371004	0.28993485583019	0.242519622989878	0.264283478853219	0.322965964098886	0.309190205586511	0.361527392993126	0.361527392993126	0.323792179823139	0.290510149343032	0.247589157139293	0.247589157139293	0.241749338234989	0.242339866349237	0.249560659642249	0.251005386122303	0.410431206990914	0.575596383547979	0.362998564956638
"CE_R2_11_0134"	0.520766224494277	0.488601394378027	0.524265303755742	0.526451003682883	0.532396887129563	0.682679966022203	0.73072650232596	0.684331003927362	0.732577122148689	0.547469627111983	0.524389629955905	0.625116168668962	0.625116168668962	0.790513633953815	0.792542173972425	0.744923126353378	0.799382669295146	1	0.792526608132712	0.787516663709538	0.324050324115045	0.324068143564915	0.31945501124702	0.319516719897438	0.325333744229737	0.325297703063665	0.284297598494894	0.284297598494894	0.284297598494894	0.284388848278818	0.289811286208765	0.280085603896096	0.298455851944791	0.312882467568218	0.234515501906051	0.28106181035587	0.354103198413889	0.23507158228867	0.314288790158914	0.293626103385017	0.293617847225846	0.246614523503852	0.268395493386977	0.327283233137297	0.313521731132672	0.365863691678422	0.365863691678422	0.328142861323457	0.29512623773783	0.252262820892622	0.252262820892622	0.246423001988319	0.247092572230168	0.255404390623114	0.257098184028485	0.401092913274383	0.374979052843124	0.342506541144315
"CE_R2_11_0350"	0.497428771137734	0.465265682745534	0.500638187566243	0.502630005597977	0.507993620777464	0.65849169915337	0.706495295929728	0.659974439422796	0.708154876832274	0.519131050752723	0.496586333174497	0.588763549565412	0.588763549565412	0.753769072039074	0.755062953740511	0.707443906121464	0.824316250305853	0.792526608132712	1	0.885773016304919	0.301280747667687	0.301297404205584	0.29701677583764	0.297074967165313	0.302534770752796	0.302501106460725	0.261890520737747	0.261890520737747	0.261890520737747	0.261976639025739	0.267361578221321	0.257629668654691	0.275988258248376	0.330882921025332	0.212027896699915	0.258549148965152	0.331583949567972	0.212551389260669	0.332206368410723	0.270798258928385	0.270764201120679	0.223463764904599	0.245232370691057	0.344447892063495	0.290199883096039	0.34253838939633	0.34253838939633	0.345283340167156	0.271598244126316	0.228693065657692	0.228693065657692	0.222853246753389	0.223465456040668	0.2309821453067	0.232493544686129	0.433508353105881	0.428484062425261	0.363933012508244
"CE_R2_11_0374"	0.497006189104889	0.464843327242285	0.500178096620549	0.502144990612926	0.507434620815789	0.657959867183282	0.705958023965898	0.659421325950956	0.707593487041843	0.518104412275029	0.495620129110454	0.58693724263974	0.58693724263974	0.751908251794605	0.753138488271288	0.705519440652241	0.839528835281061	0.787516663709538	0.885773016304919	1	0.300932657752728	0.30094916043652	0.296712743353591	0.2967704646742	0.302182793245781	0.302149443153811	0.26159065391945	0.26159065391945	0.26159065391945	0.26167608587514	0.267056012882559	0.257323271513046	0.275680304254101	0.330573879909176	0.211717271676687	0.258235181852666	0.331269104215507	0.212236418044104	0.33188627877032	0.270442466751648	0.270405002630147	0.223065532269767	0.244832521247666	0.34402868266322	0.289779331123579	0.342117387986741	0.342117387986741	0.344860984663906	0.271150951930563	0.228240376528494	0.228240376528494	0.222400557624191	0.223005365094974	0.230420755516269	0.231909257111437	0.413070815376985	0.443696647400469	0.366240902094087
"CGY_HR_076"	0.586466094678312	0.2877507211089	0.574356007868504	0.568796853027184	0.55791538300635	0.361219910331845	0.3605070544799	0.358580235329738	0.357652706197131	0.258310175031062	0.239295629013416	0.250708353565672	0.250708353565672	0.329116301046218	0.328831912075534	0.328831912075534	0.320484114331306	0.324050324115045	0.301280747667687	0.300932657752728	1	1	0.667900818475067	0.668361178250727	0.764479510418108	0.767607892579704	0.348050059103462	0.348050059103462	0.348050059103462	0.34867365546998	0.358236485445957	0.393728236739275	0.385697620113288	0.336860087140981	0.33860546467592	0.402161283108658	0.384071971611984	0.343753093110476	0.350656698374059	0.440421883188385	0.437411574840522	0.364497240235018	0.271562020966778	0.353310868285008	0.392357443292751	0.365507708376702	0.365507708376702	0.338348603882047	0.26231052575401	0.331348109570614	0.331348109570614	0.289629774403265	0.287673040819964	0.27096973914859	0.268643882692701	0.292302033787563	0.165658611394639	0.161246727853938
"CGY_HR_080"	0.586560244918424	0.287845108205211	0.574424162021661	0.568855613964796	0.557959341829184	0.361267919104865	0.360554159132662	0.358624980535991	0.357696358152021	0.25833526286282	0.239321548773339	0.25072883887931	0.25072883887931	0.329136697269061	0.328852154240037	0.328852154240037	0.320500317678997	0.324068143564915	0.301297404205584	0.30094916043652	1	1	0.667786605750655	0.668245557663091	0.766011104747876	0.769275671636111	0.347947126663053	0.347947126663053	0.347947126663053	0.348569000308688	0.358117566642767	0.393606619611729	0.385570652645261	0.33672913115813	0.338468284080696	0.402009076607838	0.383915316474181	0.343595781135793	0.3504676861305	0.44119549515259	0.437951423737009	0.364629116824207	0.27169029066777	0.353408701067941	0.39245376902216	0.365603542020112	0.365603542020112	0.338442990978358	0.262385339041004	0.331419916005922	0.331419916005922	0.289701580838574	0.287741194973121	0.27101339110348	0.26868490932445	0.292318907568372	0.16567481474233	0.161261133249007
"CHR_026"	0.564791469977542	0.266033589467289	0.557668200201527	0.554088391643867	0.546555930685025	0.348913911817846	0.348410295518087	0.34703510515474	0.346365961413369	0.251707925124542	0.232470391875048	0.245364375490664	0.245364375490664	0.323797102052014	0.323555600568095	0.323555600568095	0.316350066418104	0.31945501124702	0.29701677583764	0.296712743353591	0.667900818475067	0.667786605750655	1	0.947987828428476	0.779896859098823	0.780110034962072	0.42595454817982	0.42595454817982	0.42595454817982	0.432795043502541	0.468932013280171	0.505879025415076	0.45898101982996	0.399932896554346	0.389815429366919	0.452940415391071	0.412233677379941	0.371338277503476	0.357541666270398	0.478619452930569	0.381765895524568	0.345322923398081	0.243982224128966	0.33970586457903	0.484210799111193	0.33379621062238	0.33379621062238	0.359916894623955	0.244439529217611	0.427834749542481	0.427834749542481	0.268300646694442	0.267086057593806	0.255783818805649	0.254085843489265	0.32432933929527	0.161683629986936	0.15779169196883
"CHR_028"	0.564998471059855	0.266240876464152	0.557839324105917	0.554243910419892	0.546683113352562	0.349049359080461	0.34854393359703	0.347163925370549	0.34649250065978	0.251790293655969	0.232554989094646	0.245433919256629	0.245433919256629	0.323866388961818	0.323624442515842	0.323624442515842	0.316406870139774	0.319516719897438	0.297074967165313	0.2967704646742	0.668361178250727	0.668245557663091	0.947987828428476	1	0.780324428979721	0.780540055153661	0.422001542691987	0.422001542691987	0.422001542691987	0.428099066191852	0.482728624513249	0.514251115067564	0.463828895530301	0.403687912923115	0.392648385978549	0.454816748908861	0.413958985991698	0.373043973542388	0.358714225793376	0.479019657802425	0.382144877039782	0.345568546867785	0.24422467312125	0.33991723894654	0.484420402175868	0.334005229831483	0.334005229831483	0.360124181620818	0.244620780058015	0.428011517129753	0.428011517129753	0.268477414281713	0.267257181498197	0.25591035805206	0.254206774620541	0.324388192406939	0.161740433708605	0.157842894775816
"CHR_090"	0.589729150186371	0.291020078514487	0.576933518065974	0.571129587607502	0.559865482050878	0.363274328607642	0.362538160104633	0.360550568358569	0.359594912241272	0.259777834151146	0.240784431391339	0.252059247144584	0.252059247144584	0.330464937838563	0.330176646675916	0.330176646675916	0.321726687295445	0.325333744229737	0.302534770752796	0.302182793245781	0.764479510418108	0.766011104747876	0.779896859098823	0.780324428979721	1	0.973993914214238	0.336657416476932	0.336657416476932	0.336657416476932	0.337240622794914	0.346470623943984	0.400360625565199	0.373745190096606	0.324815531014943	0.326417564404416	0.408090396907849	0.371438952948865	0.331105149174863	0.33729509403172	0.58195354807222	0.463549093559898	0.377502215517201	0.275510969255653	0.365397105012328	0.50959501125132	0.359079765256452	0.359079765256452	0.384903383671153	0.265221566329277	0.447937802066426	0.447937802066426	0.288403699218387	0.286351375458254	0.269012769633552	0.26661945196313	0.329914945252405	0.167060250864276	0.162602974017349
"CHR_130"	0.589529049173411	0.290819442469534	0.576791131363786	0.571007574976407	0.559775075137263	0.363175334220406	0.362441086697321	0.360458497512374	0.359505154181725	0.259726857443581	0.240731736367233	0.252017743986595	0.252017743986595	0.330423617513906	0.330135642463095	0.330135642463095	0.321693948330893	0.325297703063665	0.302501106460725	0.302149443153811	0.767607892579704	0.769275671636111	0.780110034962072	0.780540055153661	0.973993914214238	1	0.336850813044305	0.336850813044305	0.336850813044305	0.337437057018477	0.346691974739392	0.400586643423386	0.373980418773066	0.32505758895775	0.326670217554431	0.408368315593415	0.371724268780084	0.33139155400836	0.337633103984501	0.578950437649696	0.461917582124484	0.377214713336459	0.275232017405621	0.36518866641513	0.509389989697453	0.358875857955661	0.358875857955661	0.3847027476262	0.265064583460104	0.447787425708823	0.447787425708823	0.288253322860784	0.286208988756065	0.268923011574005	0.266535234529349	0.329880837203696	0.167027511899724	0.162573900903925
"CI_0136"	0.261704903821221	0.560563632688285	0.254889002960867	0.25144376983494	0.244157058933599	0.313109844901862	0.312621946596048	0.311288649157831	0.310639357411101	0.45922522206778	0.528063305793407	0.452994802804766	0.452994802804766	0.288572656183273	0.288335086907404	0.288335086907404	0.281236111133572	0.284297598494894	0.261890520737747	0.26159065391945	0.348050059103462	0.347947126663053	0.42595454817982	0.422001542691987	0.336657416476932	0.336850813044305	1	1	1	0.932775243453268	0.818269088417493	0.580150926672978	0.632807855619269	0.768684147841107	0.627186305739443	0.552186891389892	0.750990073470823	0.614976831186758	0.740346949017872	0.633220752359977	0.634276224949456	0.415607654112348	0.355554431754026	0.545995378748159	0.402303142703806	0.683466360354312	0.683466360354312	0.54132719061739	0.355402049977005	0.40097001203581	0.40097001203581	0.39204047290405	0.390874421421157	0.379958109204724	0.378308992927666	0.562665815898201	0.368969866515757	0.365127620968182
"CI_0165"	0.261704903821221	0.560563632688285	0.254889002960867	0.25144376983494	0.244157058933599	0.313109844901862	0.312621946596048	0.311288649157831	0.310639357411101	0.45922522206778	0.528063305793407	0.452994802804766	0.452994802804766	0.288572656183273	0.288335086907404	0.288335086907404	0.281236111133572	0.284297598494894	0.261890520737747	0.26159065391945	0.348050059103462	0.347947126663053	0.42595454817982	0.422001542691987	0.336657416476932	0.336850813044305	1	1	1	0.932775243453268	0.818269088417493	0.580150926672978	0.632807855619269	0.768684147841107	0.627186305739443	0.552186891389892	0.750990073470823	0.614976831186758	0.740346949017872	0.633220752359977	0.634276224949456	0.415607654112348	0.355554431754026	0.545995378748159	0.402303142703806	0.683466360354312	0.683466360354312	0.54132719061739	0.355402049977005	0.40097001203581	0.40097001203581	0.39204047290405	0.390874421421157	0.379958109204724	0.378308992927666	0.562665815898201	0.368969866515757	0.365127620968182
"CI_0168"	0.261704903821221	0.560563632688285	0.254889002960867	0.25144376983494	0.244157058933599	0.313109844901862	0.312621946596048	0.311288649157831	0.310639357411101	0.45922522206778	0.528063305793407	0.452994802804766	0.452994802804766	0.288572656183273	0.288335086907404	0.288335086907404	0.281236111133572	0.284297598494894	0.261890520737747	0.26159065391945	0.348050059103462	0.347947126663053	0.42595454817982	0.422001542691987	0.336657416476932	0.336850813044305	1	1	1	0.932775243453268	0.818269088417493	0.580150926672978	0.632807855619269	0.768684147841107	0.627186305739443	0.552186891389892	0.750990073470823	0.614976831186758	0.740346949017872	0.633220752359977	0.634276224949456	0.415607654112348	0.355554431754026	0.545995378748159	0.402303142703806	0.683466360354312	0.683466360354312	0.54132719061739	0.355402049977005	0.40097001203581	0.40097001203581	0.39204047290405	0.390874421421157	0.379958109204724	0.378308992927666	0.562665815898201	0.368969866515757	0.365127620968182
"CI_0182"	0.26200110681491	0.560860225940309	0.255135838397202	0.251668883616259	0.244342337586648	0.31330679470318	0.312816345222646	0.311476243803634	0.310823725600266	0.45934644624754	0.528187746540972	0.453097453623918	0.453097453623918	0.28867493389585	0.288436718168634	0.288436718168634	0.281320202728721	0.284388848278818	0.261976639025739	0.26167608587514	0.34867365546998	0.348569000308688	0.432795043502541	0.428099066191852	0.337240622794914	0.337437057018477	0.932775243453268	0.932775243453268	0.932775243453268	1	0.823169807578676	0.58440288873059	0.636221012210615	0.771687258263631	0.62974540090889	0.554144840887216	0.752835634913076	0.616807382086304	0.741728166990036	0.633769818515077	0.634798537575001	0.41595612891775	0.355898643810509	0.546297545624349	0.402602895438022	0.683765316924091	0.683765316924091	0.541623783869415	0.355662900513227	0.40122466584824	0.40122466584824	0.392295126716481	0.391121256857492	0.380142477393888	0.37848541418218	0.562752900310983	0.369053958110906	0.365203518872007
"CI_0346"	0.268957124904722	0.527343042480715	0.261715913642439	0.258084885658142	0.250459543500346	0.31951126481031	0.319001720749585	0.317610747908623	0.316934133718513	0.464988779181442	0.493377573273751	0.458603358136486	0.458603358136486	0.294178103565344	0.293935149934725	0.293935149934725	0.286690343466417	0.289811286208765	0.267361578221321	0.267056012882559	0.358236485445957	0.358117566642767	0.468932013280171	0.482728624513249	0.346470623943984	0.346691974739392	0.818269088417493	0.818269088417493	0.818269088417493	0.823169807578676	1	0.634359660220739	0.714984519585417	0.770091500923683	0.651433597185823	0.548509162107453	0.774420623006926	0.628692078288297	0.717757277151613	0.60224486210787	0.603056742600089	0.413791094017143	0.353700580735989	0.512823079071277	0.440538491297414	0.690742429970463	0.690742429970463	0.50810660040982	0.352825461220545	0.398340186585761	0.398340186585761	0.389410647454001	0.388177522578919	0.376729075988327	0.375012737813193	0.527668705793952	0.364900289324793	0.36099008914793
"CI_0392"	0.278540070574763	0.434545556774504	0.271233714961378	0.267574495000437	0.259898181449966	0.309917120954338	0.30940432685341	0.30800470475721	0.307323998508012	0.391014046078548	0.400359185025188	0.384605848562344	0.384605848562344	0.284465852687243	0.284222109874554	0.284222109874554	0.276955978379759	0.280085603896096	0.257629668654691	0.257323271513046	0.393728236739275	0.393606619611729	0.505879025415076	0.514251115067564	0.400360625565199	0.400586643423386	0.580150926672978	0.580150926672978	0.580150926672978	0.58440288873059	0.634359660220739	1	0.619467353733166	0.594967040496259	0.644213494234823	0.845154659966812	0.563985352583643	0.618207408449062	0.534582779272247	0.553701946172241	0.646377208044836	0.675911033239371	0.479451909809685	0.603451772764833	0.513069991880761	0.477055156677383	0.477055156677383	0.500138452677966	0.479417227666063	0.568431065016765	0.568431065016765	0.505128717151672	0.503885375178787	0.492356611106374	0.490630219735951	0.469725028680475	0.369840595495176	0.365920490616536
"CI_0405"	0.295023073049134	0.355791459495211	0.287592562192168	0.283879806304321	0.276106994441895	0.328534936864839	0.328015995659612	0.326600021917482	0.325911583317884	0.340405428116156	0.321186583361217	0.333954496413077	0.333954496413077	0.302861265549631	0.302616043428326	0.302616043428326	0.295309972359073	0.298455851944791	0.275988258248376	0.275680304254101	0.385697620113288	0.385570652645261	0.45898101982996	0.463828895530301	0.373745190096606	0.373980418773066	0.632807855619269	0.632807855619269	0.632807855619269	0.636221012210615	0.714984519585417	0.619467353733166	1	0.688991229906631	0.684027638769979	0.569684680619962	0.660878191613365	0.648309361912718	0.599790671876101	0.43174608768515	0.432439174882361	0.423396374616331	0.363288842123729	0.388912236858746	0.614237292599235	0.566819084938473	0.566819084938473	0.384174065043364	0.362088677367425	0.407579816424779	0.407579816424779	0.398650277293019	0.397387504461981	0.385706525587697	0.383961148052758	0.35534636870504	0.409234203931734	0.405295570729461
"CI_0450"	0.245512811197662	0.496758099451935	0.237993837150899	0.23424309010974	0.226402032798418	0.295516448883969	0.342612212553355	0.293565645153927	0.340490797282814	0.440594440359715	0.461857004733638	0.481732634804755	0.481732634804755	0.317305473222398	0.317059216401184	0.269440168782136	0.309725235846573	0.312882467568218	0.330882921025332	0.330573879909176	0.336860087140981	0.33672913115813	0.399932896554346	0.403687912923115	0.324815531014943	0.32505758895775	0.768684147841107	0.768684147841107	0.768684147841107	0.771687258263631	0.770091500923683	0.594967040496259	0.688991229906631	1	0.708527952006887	0.572536883144982	0.815070695342444	0.659518890857887	0.832015467198456	0.573216945130526	0.57385208435665	0.42874503270763	0.368629455289474	0.617984295035854	0.38616207942982	0.71493289380626	0.71493289380626	0.613235943095327	0.367276668297306	0.412756807976072	0.412756807976072	0.403827268844312	0.402550684182617	0.390761930028819	0.389003161671895	0.495956848312054	0.378411372181139	0.374459808644573
"CI_0532"	0.246231691057345	0.361763754739685	0.238581140007481	0.234774122450905	0.226832337526586	0.236452131738185	0.264493873615517	0.234477911225775	0.262347407634793	0.317059626345722	0.326425061922241	0.339106487260731	0.339106487260731	0.23896416807255	0.238716401174981	0.210144972603553	0.231341727168273	0.234515501906051	0.212027896699915	0.211717271676687	0.33860546467592	0.338468284080696	0.389815429366919	0.392648385978549	0.326417564404416	0.326670217554431	0.627186305739443	0.627186305739443	0.627186305739443	0.62974540090889	0.651433597185823	0.644213494234823	0.684027638769979	0.708527952006887	1	0.653950056110036	0.684361671585234	0.866607425841878	0.642774711552912	0.438987617505079	0.439533510542994	0.624847196361627	0.564719543579884	0.423481332679671	0.41546205227115	0.572802125182232	0.572802125182232	0.418717788859267	0.563138891891781	0.608602698515765	0.608602698515765	0.599673159384005	0.598376082277294	0.586428064190321	0.584649586652356	0.360437388305351	0.314313577788553	0.310343186363896
"CI_0637"	0.281983563817041	0.43799415866938	0.274044411289257	0.27011495073536	0.261955433045256	0.312114319761648	0.311570821348987	0.310089621722561	0.309370388496508	0.392326175716202	0.401707833853052	0.385708900393805	0.385708900393805	0.285564735563225	0.285313772413481	0.285313772413481	0.277853116673785	0.28106181035587	0.258549148965152	0.258235181852666	0.402161283108658	0.402009076607838	0.452940415391071	0.454816748908861	0.408090396907849	0.408368315593415	0.552186891389892	0.552186891389892	0.552186891389892	0.554144840887216	0.548509162107453	0.845154659966812	0.569684680619962	0.572536883144982	0.653950056110036	1	0.64983585069693	0.69958781103566	0.565696387822262	0.560859058150261	0.653098784564367	0.68005432916553	0.483536938430122	0.606973522343699	0.516560015638917	0.480534731896132	0.480534731896132	0.503587054572842	0.482404901408264	0.571340232651473	0.571340232651473	0.50803788478638	0.506696071506666	0.49440300109487	0.492582143736521	0.470655171783761	0.370737733789202	0.366727658722361
"CI_0677"	0.288655862422517	0.499429001248471	0.280638284235924	0.276675781506933	0.268457843935697	0.337681182803863	0.384753032814032	0.33564297372585	0.382538162538754	0.482073469039456	0.462887988046363	0.523050773238544	0.523050773238544	0.35862040778186	0.358368602467583	0.310749554848536	0.350885325807968	0.354103198413889	0.331583949567972	0.331269104215507	0.384071971611984	0.383915316474181	0.412233677379941	0.413958985991698	0.371438952948865	0.371724268780084	0.750990073470823	0.750990073470823	0.750990073470823	0.752835634913076	0.774420623006926	0.563985352583643	0.660878191613365	0.815070695342444	0.684361671585234	0.64983585069693	1	0.816666666666666	0.820194852490031	0.578888671774915	0.579164357982173	0.443872571066364	0.383710525159164	0.580236895375015	0.429341946568427	0.758104492017346	0.758104492017346	0.575430654415672	0.381488744411596	0.426907161708905	0.426907161708905	0.417977622577145	0.416623702696214	0.40423786671333	0.402405690178436	0.496666053420731	0.350523843094915	0.346503349724895
"CI_0697"	0.248238525057995	0.363773661109541	0.240209616059939	0.236242347560721	0.228015995659612	0.237717947971916	0.265741646363141	0.235677794007696	0.263524698114337	0.317809385686019	0.327195948909069	0.33973556057738	0.33973556057738	0.239590839661217	0.239338913576098	0.21076748500467	0.231852394116573	0.23507158228867	0.212551389260669	0.212236418044104	0.343753093110476	0.343595781135793	0.371338277503476	0.373043973542388	0.331105149174863	0.33139155400836	0.614976831186758	0.614976831186758	0.614976831186758	0.616807382086304	0.628692078288297	0.618207408449062	0.648309361912718	0.659518890857887	0.866607425841878	0.69958781103566	0.816666666666666	1	0.666359386180608	0.44330488654349	0.443571689395433	0.627277573668857	0.567114449013784	0.425535261872652	0.41749688054101	0.574830665200842	0.574830665200842	0.420727695229123	0.564872744668222	0.610289764715762	0.610289764715762	0.601360225584002	0.600004558329752	0.587605354669865	0.585771549609165	0.360967003788278	0.314824244736854	0.310802258612819
